addmulti({
  id:"2014-01-28",
  ts:{stat:{min:1390863635, max:1390927958, avg:1390895788.78}, data:
    [1390863635, 1390864550, 1390866405, 1390868216, 1390870071, 1390871885, 1390873737, 1390875552, 1390877405, 1390879218, 1390881071, 1390882884, 1390884737, 1390886551, 1390888404, 1390890217, 1390892071, 1390893883, 1390895737, 1390897550, 1390899403, 1390901217, 1390903070, 1390904883, 1390906735, 1390908550, 1390910403, 1390912216, 1390914069, 1390915883, 1390917738, 1390919552, 1390921402, 1390923218, 1390925068, 1390926885, 1390927898]
  },
  ow_purple:{stat:{min:-7.18, max:4.43, avg:-1.91}, data:
    [-2.81, -3.085, -3.368, -3.044, -2.882, -2.872, -3.044, -3.306, -3.954, -4.682, -4.925, -5.59, -6.59, -6.525, -5.361, -5.975, -6.5, -4.703, -3.295, -2.203, -1.337, -0.231, 0.749, 0.66, 1.319, 1.436, 1.741, 2.884, 2.806, 1.627, 1.602, 1.186, 0.761, 0.102, -0.147, -0.24, -0.477]
  },
  ow_green:{stat:{min:27.25, max:54.5, avg:44.48}, data:
    [50.25, 49.387, 49.506, 49.457, 49.569, 49.555, 49.619, 49.671, 49.603, 49.552, 49.508, 49.449, 49.306, 49.287, 50.017, 53.108, 48.74, 49.018, 50.075, 51.165, 50.486, 48.822, 45.315, 42.584, 40.414, 38.427, 36.609, 35.044, 33.626, 32.044, 31.018, 30.244, 29.355, 36.727, 40.02, 40.449, 43.707]
  },
  ow_yellow:{stat:{min:14.12, max:50.25, avg:34.49}, data:
    [46.68, 46.636, 46.724, 46.821, 46.865, 46.921, 46.889, 46.797, 46.553, 46.426, 46.317, 46.268, 46.174, 46.134, 46.591, 49.291, 45.627, 46.21, 42.253, 27.857, 22.822, 20.738, 19.078, 17.908, 17.056, 16.409, 15.938, 15.954, 15.942, 15.246, 14.726, 14.805, 26.512, 33.829, 37.846, 37.98, 40.04]
  },
  ow_black:{stat:{min:9.18, max:17.5, avg:12.03}, data:
    [11.37, 11.356, 11.337, 11.481, 11.57, 11.657, 11.606, 11.394, 11.063, 10.763, 10.458, 10.296, 10.112, 9.976, 9.916, 10.09, 10.301, 11.692, 12.99, 13.512, 15.706, 16.853, 15.593, 14.313, 14.119, 13.852, 13.695, 15.03, 15.856, 13.111, 12.179, 10.837, 10.139, 9.301, 9.474, 9.603, 9.56]
  },
  ow_red:{stat:{min:14.43, max:25.12, avg:21.01}, data:
    [21.37, 21.475, 21.597, 21.679, 21.806, 21.918, 21.962, 21.995, 21.984, 21.884, 21.791, 21.667, 21.566, 21.459, 21.405, 21.462, 21.749, 22.141, 23.208, 24.212, 24.904, 25.07, 24.66, 23.69, 22.609, 21.669, 20.529, 20.272, 20.648, 19.645, 18.218, 16.611, 15.424, 14.649, 14.75, 15.544, 15.91]
  },
  dht11_temp:{stat:{min:11, max:24, avg:16.39}, data:
    [16, 16, 16, 16, 16, 16, 16, 16, 16, 16, 15.29, 15, 15, 15, 15, 15, 15.71, 17.31, 19.355, 20.621, 21.677, 23.931, 21.29, 19.828, 19.065, 17.759, 17.29, 18.655, 19.839, 15.586, 13.935, 12, 11.032, 11, 11.774, 12.034, 13]
  },
  dht11_hum:{stat:{min:75, max:95, avg:90.2}, data:
    [95, 95, 95, 95, 95, 95, 95, 95, 95, 95, 95, 95, 95, 95, 95, 95, 95, 92.483, 87.839, 83.655, 80.645, 75.862, 79.29, 82.172, 83.581, 84.966, 85.387, 80.931, 77.935, 83.379, 84.516, 94.103, 95, 95, 95, 95, 95]
  },
  light:{stat:{min:28, max:143, avg:86.57}, data:
    [128, 128.241, 130.129, 127.034, 129.032, 130.31, 128.032, 129.483, 129.194, 131.069, 130.581, 127.552, 128, 133, 128.419, 99.586, 62.903, 46.724, 45.935, 44.138, 41.935, 40.345, 40.774, 40.69, 33.129, 34.552, 34.419, 31, 33.839, 40.034, 43.548, 55.862, 70, 105.103, 131.871, 138.828, 137.333]
  },
  valve:{stat:{min:0, max:135, avg:85.06}, data:
    [135, 135, 135, 135, 135, 135, 135, 135, 135, 135, 135, 135, 135, 135, 135, 135, 135, 135, 99, 2.414, 0, 0, 0, 0, 0, 0, 0, 0, 0, 0, 0, 36.931, 131.806, 135, 135, 135, 135]
  },
  bmp085_baro:{stat:{min:98.708, max:99.023, avg:98.85}, data:
    [99.012, 99.004, 98.976, 98.967, 98.971, 98.97, 98.934, 98.907, 98.887, 98.884, 98.879, 98.878, 98.851, 98.843, 98.853, 98.846, 98.862, 98.884, 98.875, 98.864, 98.87, 98.854, 98.854, 98.83, 98.802, 98.8, 98.782, 98.759, 98.752, 98.74, 98.737, 98.755, 98.757, 98.771, 98.794, 98.804, 98.803]
  },
  bmp085_temp:{stat:{min:11.3, max:25.46, avg:14.7}, data:
    [12.89, 12.846, 12.81, 12.92, 13.051, 13.224, 13.297, 13.075, 12.77, 12.392, 12.06, 11.815, 11.602, 11.39, 11.372, 11.538, 11.93, 12.924, 14.775, 16.202, 20.482, 24.783, 22.85, 20.076, 18.657, 17.733, 17.051, 18.092, 19.247, 17.147, 15.603, 14.007, 12.778, 11.682, 11.339, 11.407, 11.403]
  },
  uptime:{stat:{min:1088881, max:1153021, avg:1120947.55}, data:
    [1088881, 1089781, 1091604.226, 1093441, 1095264.226, 1097101, 1098926.161, 1100761, 1102580.355, 1104421, 1106238.419, 1108081, 1109906.161, 1111741, 1113560.355, 1115401, 1117216.484, 1119061, 1120878.419, 1122721, 1124538.419, 1126381, 1128204.226, 1130041, 1131868.097, 1133701, 1135522.29, 1137361, 1139184.226, 1141021, 1142834.548, 1144681, 1146502.29, 1148341, 1150168.097, 1152001, 1152961]
  },
});
