addmulti({
  id:"2014-01-29",
  ts:{stat:{min:1390950016, max:1391036375, avg:1390993195.05}, data:
    [1390950016, 1390950972, 1390952799, 1390954640, 1390956465, 1390958304, 1390960132, 1390961970, 1390963798, 1390965637, 1390967467, 1390969305, 1390971133, 1390972970, 1390974800, 1390976636, 1390978466, 1390980302, 1390982133, 1390983968, 1390985799, 1390987638, 1390989465, 1390991303, 1390993132, 1390994969, 1390996798, 1390998635, 1391000465, 1391002301, 1391004131, 1391005967, 1391007797, 1391009633, 1391011464, 1391013300, 1391015130, 1391016966, 1391018797, 1391020632, 1391022465, 1391024299, 1391026132, 1391027965, 1391029798, 1391031630, 1391033464, 1391035298, 1391036315]
  },
  ow_purple:{stat:{min:-1.5, max:2.43, avg:-0.53}, data:
    [-0.62, -0.639, -0.812, -1.021, -1.093, -1.126, -1.132, -1.074, -1.07, -1.116, -1.118, -1.118, -1.162, -1.225, -1.234, -1.245, -1.204, -1, -0.918, -0.773, -0.703, -0.515, -0.26, 0.493, 0.71, 0.748, 0.609, 1.187, 0.884, 0.601, 0.389, 0.105, -0.116, -0.279, -0.444, -0.399, -0.434, -0.432, -0.481, -0.439, -0.341, -0.312, -0.362, -0.524, -0.83, -1.045, -1.237, -1.379, -1.5]
  },
  ow_green:{stat:{min:30.68, max:48.93, avg:40.53}, data:
    [42.37, 42.972, 42.702, 42.672, 42.864, 42.912, 42.856, 42.863, 42.988, 42.843, 42.998, 42.996, 43.097, 43.131, 43.126, 43.083, 42.983, 43.085, 43.184, 43.912, 42.739, 39.411, 37.053, 35.281, 33.983, 33.174, 32.581, 32.378, 32.074, 31.761, 31.468, 31.152, 34.177, 38.662, 40.327, 42.111, 43.422, 44.296, 44.543, 44.028, 42.165, 41.816, 41.986, 41.935, 41.881, 41.898, 45.878, 44.444, 47.473]
  },
  ow_yellow:{stat:{min:29.12, max:44.5, avg:38.24}, data:
    [40.81, 40.401, 40.27, 40.19, 40.409, 40.371, 40.353, 40.392, 40.458, 40.351, 40.466, 40.49, 40.528, 40.6, 40.6, 40.494, 40.511, 40.653, 40.791, 41.31, 40.449, 37.391, 35.205, 33.718, 32.503, 31.771, 31.196, 31.127, 30.683, 30.358, 30.019, 29.622, 31.904, 36.26, 37.746, 39.446, 40.689, 41.507, 41.812, 41.605, 39.787, 39.48, 39.708, 39.577, 39.406, 39.352, 42.731, 41.662, 44.393]
  },
  ow_black:{stat:{min:9.25, max:13.56, avg:10.42}, data:
    [10.43, 10.397, 10.179, 10.004, 10.141, 10.203, 10.13, 10.157, 10.271, 10.178, 10.175, 10.257, 10.339, 10.373, 10.505, 10.388, 10.402, 10.812, 11.054, 11.18, 10.831, 10.656, 10.462, 11.391, 11.716, 12.308, 11.973, 13.132, 12.249, 11.486, 10.84, 10.061, 9.359, 9.409, 9.41, 9.55, 9.692, 9.749, 9.856, 10.001, 9.938, 10.017, 10.041, 9.872, 9.694, 9.502, 9.64, 9.654, 9.68]
  },
  ow_red:{stat:{min:18, max:22.75, avg:19.92}, data:
    [19.56, 19.606, 19.647, 19.62, 19.585, 19.62, 19.624, 19.62, 19.624, 19.62, 19.622, 19.672, 19.657, 19.685, 19.685, 19.707, 19.711, 19.882, 20.272, 20.607, 21.085, 21.732, 22.041, 22.333, 22.464, 22.586, 22.278, 22.587, 22.313, 21.465, 20.613, 19.768, 18.886, 18.386, 18.079, 18.021, 18.149, 18.426, 18.699, 18.948, 19.153, 19.198, 19.143, 19.066, 18.957, 18.955, 18.982, 19.158, 19.27]
  },
  dht11_temp:{stat:{min:12, max:20, avg:14.67}, data:
    [15, 15, 14.793, 14, 14.414, 15, 14.276, 14.032, 14.552, 14.161, 14, 14, 14.207, 14.29, 14.483, 14.032, 14.69, 15, 15.931, 16, 16.138, 16, 16.241, 17.516, 17.828, 18.677, 18, 19.516, 17.966, 16.194, 15.241, 14.226, 13.103, 12, 12, 12, 12.862, 13, 13, 13.452, 14, 14, 14, 13.839, 13, 13, 13, 13, 13]
  },
  dht11_hum:{stat:{min:78, max:95, avg:86.63}, data:
    [95, 95, 95, 95, 95, 95, 95, 95, 94.655, 92.129, 92, 92, 91.793, 91.71, 91.517, 91.968, 88.69, 87, 87, 86.806, 85.862, 84, 82.586, 80.71, 80.448, 79.194, 80.724, 78.355, 80.207, 82.387, 83.138, 84.774, 85.034, 86.839, 86.483, 87, 85.414, 85, 84.793, 84, 83.828, 83, 82.103, 81.161, 81, 81, 80.345, 80.129, 80]
  },
  light:{stat:{min:29, max:920, avg:123.64}, data:
    [138, 137.419, 137.069, 135.839, 138.69, 140.387, 152.31, 199.774, 168.207, 165, 165.034, 160.613, 164.655, 171.387, 173.483, 140, 89.931, 63.871, 57.759, 50.548, 43.759, 40.839, 38.276, 33.258, 34.621, 33.871, 34.276, 32.355, 36.793, 42.516, 46.552, 50.161, 65.655, 105.29, 155.966, 159.935, 158.345, 155.613, 155.759, 156.387, 161.586, 168.581, 168.103, 197.258, 188.724, 240.452, 288.828, 197.677, 185.667]
  },
  valve:{stat:{min:135, max:135, avg:135}, data:
    [135, 135, 135, 135, 135, 135, 135, 135, 135, 135, 135, 135, 135, 135, 135, 135, 135, 135, 135, 135, 135, 135, 135, 135, 135, 135, 135, 135, 135, 135, 135, 135, 135, 135, 135, 135, 135, 135, 135, 135, 135, 135, 135, 135, 135, 135, 135, 135, 135]
  },
  bmp085_baro:{stat:{min:98.889, max:99.885, avg:99.32}, data:
    [98.903, 98.901, 98.921, 98.935, 98.949, 98.963, 98.971, 98.982, 98.988, 98.992, 99.015, 99.026, 99.033, 99.052, 99.075, 99.1, 99.131, 99.156, 99.178, 99.2, 99.243, 99.293, 99.309, 99.335, 99.353, 99.354, 99.359, 99.364, 99.371, 99.395, 99.393, 99.424, 99.467, 99.464, 99.488, 99.521, 99.543, 99.566, 99.567, 99.589, 99.627, 99.647, 99.688, 99.741, 99.802, 99.817, 99.84, 99.863, 99.87]
  },
  bmp085_temp:{stat:{min:11.03, max:16.08, avg:12.24}, data:
    [11.78, 11.796, 11.721, 11.591, 11.63, 11.673, 11.668, 11.655, 11.668, 11.683, 11.658, 11.668, 11.701, 11.732, 11.755, 11.751, 11.832, 12.146, 12.537, 12.811, 13.016, 12.991, 12.842, 13.902, 14.317, 14.932, 14.714, 15.718, 15.179, 14.293, 13.513, 12.668, 11.739, 11.229, 11.069, 11.098, 11.209, 11.324, 11.427, 11.541, 11.601, 11.671, 11.716, 11.654, 11.482, 11.258, 11.235, 11.431, 11.44]
  },
  uptime:{stat:{min:1175041, max:1261321, avg:1218184.05}, data:
    [1175041, 1176030.032, 1177861, 1179686.161, 1181521, 1183357.774, 1185181, 1187017.774, 1188841, 1190677.774, 1192501, 1194328.097, 1196161, 1197991.968, 1199821, 1201655.839, 1203481, 1205317.774, 1207141, 1208981.645, 1210801, 1212622.29, 1214461, 1216288.097, 1218121, 1219953.903, 1221781, 1223613.903, 1225441, 1227275.839, 1229101, 1230935.839, 1232761, 1234597.774, 1236421, 1238253.903, 1240081, 1241919.71, 1243741, 1245581.645, 1247401, 1249235.839, 1251061, 1252895.839, 1254721, 1256563.581, 1258381, 1260213.903, 1261261]
  },
});
